1.000000 0.429568 0.454045 0.205618 0.474395 -0.004728 -0.447000 -0.277539 -0.223161 0.021293 -0.269149 -0.027634 0.363892 -0.222818 0.151056 0.187816 -0.057842 0.303069 0.134985 0.820299 0.056101 -0.229701 0.043729 0.124880 0.071224
0.429568 1.000000 -0.201990 0.385993 0.711435 0.094464 0.262994 -0.353561 -0.019904 0.368785 0.228940 0.179285 0.169727 0.194349 0.163471 0.043041 -0.201071 -0.058793 0.218378 0.001110 0.341733 -0.005587 -0.097365 0.260812 -0.089839
0.454045 -0.201990 1.000000 -0.380340 -0.044200 0.214981 -0.418366 -0.031765 -0.003393 0.119438 0.058079 -0.008528 0.267469 0.277456 0.479402 -0.054808 0.068916 0.062784 -0.079466 -0.059926 0.316230 -0.063813 -0.134783 0.600336 -0.100671
0.205618 0.385993 -0.380340 1.000000 0.186193 0.094670 -0.083186 0.134274 -0.104021 -0.595017 0.295320 -0.024809 -0.058767 0.152316 -0.065759 -0.157121 -0.171842 0.017554 -0.171789 0.020242 -0.290376 0.226775 0.081693 0.058277 -0.283330
0.474395 0.711435 -0.044200 0.186193 1.000000 0.053235 -0.617726 0.211560 0.187705 -0.515148 0.377523 0.429229 0.013750 0.029381 -0.711015 0.105513 0.303712 0.044149 0.222105 0.265214 -0.062348 -0.201014 0.158308 0.135007 0.276617
-0.004728 0.094464 0.214981 0.094670 0.053235 1.000000 -0.421596 -0.183864 -0.077267 -0.024622 -0.370590 -0.057745 -0.066908 -0.163324 -0.235906 0.072496 0.166024 0.153187 -0.170178 0.379496 -0.331891 0.040709 0.305662 0.218194 0.027713
-0.447000 0.262994 -0.418366 -0.083186 -0.617726 -0.421596 1.000000 -0.381861 0.242976 0.202531 -0.278698 0.142122 -0.146032 0.377406 0.135558 -0.203493 0.250616 -0.210870 0.169890 -0.131629 0.235757 -0.552000 0.012869 -0.463255 0.070591
-0.277539 -0.353561 -0.031765 0.134274 0.211560 -0.183864 -0.381861 1.000000 0.475492 -0.493939 0.545670 -0.341713 -0.091065 0.386869 0.115122 -0.043222 0.047475 0.047523 0.042245 -0.017905 -0.031971 0.003574 -0.097656 0.021754 -0.467483
-0.223161 -0.019904 -0.003393 -0.104021 0.187705 -0.077267 0.242976 0.475492 1.000000 0.249640 -0.111429 0.262875 0.008202 0.050477 0.126036 -0.036502 0.227246 -0.313919 -0.526486 -0.218462 0.160966 0.045097 0.125508 0.529824 0.066971
0.021293 0.368785 0.119438 -0.595017 -0.515148 -0.024622 0.202531 -0.493939 0.249640 1.000000 0.002472 -0.150647 0.125564 -0.325209 0.030325 0.400633 0.219887 -0.285165 -0.426761 0.245841 -0.348995 0.216155 -0.286536 -0.201943 0.163291
-0.269149 0.228940 0.058079 0.295320 0.377523 -0.370590 -0.278698 0.545670 -0.111429 0.002472 1.000000 -0.379803 0.004775 0.285526 -0.085926 -0.316476 -0.051477 0.116861 0.288810 0.128211 -0.343977 0.318979 -0.010600 0.226529 -0.540122
-0.027634 0.179285 -0.008528 -0.024809 0.429229 -0.057745 0.142122 -0.341713 0.262875 -0.150647 -0.379803 1.000000 -0.215648 0.307855 -0.160192 0.095014 -0.166694 -0.740748 -0.372392 0.292050 0.061510 -0.103124 0.373722 -0.264548 0.076060
0.363892 0.169727 0.267469 -0.058767 0.013750 -0.066908 -0.146032 -0.091065 0.008202 0.125564 0.004775 -0.215648 1.000000 -0.000214 -0.153317 -0.513328 0.087896 -0.061332 0.191560 -0.351999 -0.062155 0.061675 -0.185312 0.050602 0.331432
-0.222818 0.194349 0.277456 0.152316 0.029381 -0.163324 0.377406 0.386869 0.050477 -0.325209 0.285526 0.307855 -0.000214 1.000000 -0.062544 -0.445991 0.154217 0.570169 -0.213133 -0.070184 -0.437083 0.406536 0.156051 -0.314003 0.017799
0.151056 0.163471 0.479402 -0.065759 -0.711015 -0.235906 0.135558 0.115122 0.126036 0.030325 -0.085926 -0.160192 -0.153317 -0.062544 1.000000 0.015716 0.135922 -0.451074 -0.335825 0.107583 -0.277116 0.199787 0.230534 -0.257887 0.179342
0.187816 0.043041 -0.054808 -0.157121 0.105513 0.072496 -0.203493 -0.043222 -0.036502 0.400633 -0.316476 0.095014 -0.513328 -0.445991 0.015716 1.000000 -0.076816 0.207425 0.070020 0.441653 0.135436 0.232476 -0.044415 0.051105 -0.123009
-0.057842 -0.201071 0.068916 -0.171842 0.303712 0.166024 0.250616 0.047475 0.227246 0.219887 -0.051477 -0.166694 0.087896 0.154217 0.135922 -0.076816 1.000000 0.119969 0.130469 -0.182296 0.027051 0.111137 0.114491 0.006712 0.215991
0.303069 -0.058793 0.062784 0.017554 0.044149 0.153187 -0.210870 0.047523 -0.313919 -0.285165 0.116861 -0.740748 -0.061332 0.570169 -0.451074 0.207425 0.119969 1.000000 -0.169953 -0.079253 -0.032812 0.553078 -0.462889 -0.181196 0.070847
0.134985 0.218378 -0.079466 -0.171789 0.222105 -0.170178 0.169890 0.042245 -0.526486 -0.426761 0.288810 -0.372392 0.191560 -0.213133 -0.335825 0.070020 0.130469 -0.169953 1.000000 -0.000156 -0.165426 0.146278 0.207771 0.147212 0.499919
0.820299 0.001110 -0.059926 0.020242 0.265214 0.379496 -0.131629 -0.017905 -0.218462 0.245841 0.128211 0.292050 -0.351999 -0.070184 0.107583 0.441653 -0.182296 -0.079253 -0.000156 1.000000 -0.255468 0.089753 -0.168051 0.587922 -0.133604
0.056101 0.341733 0.316230 -0.290376 -0.062348 -0.331891 0.235757 -0.031971 0.160966 -0.348995 -0.343977 0.061510 -0.062155 -0.437083 -0.277116 0.135436 0.027051 -0.032812 -0.165426 -0.255468 1.000000 -0.060880 -0.169497 0.487554 -0.466414
-0.229701 -0.005587 -0.063813 0.226775 -0.201014 0.040709 -0.552000 0.003574 0.045097 0.216155 0.318979 -0.103124 0.061675 0.406536 0.199787 0.232476 0.111137 0.553078 0.146278 0.089753 -0.060880 1.000000 -0.066368 -0.095697 0.198771
0.043729 -0.097365 -0.134783 0.081693 0.158308 0.305662 0.012869 -0.097656 0.125508 -0.286536 -0.010600 0.373722 -0.185312 0.156051 0.230534 -0.044415 0.114491 -0.462889 0.207771 -0.168051 -0.169497 -0.066368 1.000000 -0.119992 0.068662
0.124880 0.260812 0.600336 0.058277 0.135007 0.218194 -0.463255 0.021754 0.529824 -0.201943 0.226529 -0.264548 0.050602 -0.314003 -0.257887 0.051105 0.006712 -0.181196 0.147212 0.587922 0.487554 -0.095697 -0.119992 1.000000 -0.358239
0.071224 -0.089839 -0.100671 -0.283330 0.276617 0.027713 0.070591 -0.467483 0.066971 0.163291 -0.540122 0.076060 0.331432 0.017799 0.179342 -0.123009 0.215991 0.070847 0.499919 -0.133604 -0.466414 0.198771 0.068662 -0.358239 1.000000
