1.000000 -0.432825 0.101717 0.320028 -0.354360 0.215063 0.474861 0.233277 0.245944 0.207211 0.213418 -0.097883 -0.347507 -0.279301 0.026665 0.272762 0.024076 0.220883 -0.340867 0.094256 -0.000931 -0.092961 0.022069 -0.291071 0.223779
-0.432825 1.000000 0.168634 0.232443 -0.134818 0.335103 -0.184759 -0.143557 -0.211149 -0.460823 -0.207668 0.106702 0.304259 0.341255 0.024120 0.157753 0.132486 0.250737 -0.238933 0.130831 -0.496192 0.089945 0.286242 0.435578 0.203132
0.101717 0.168634 1.000000 0.042857 0.058768 -0.247679 0.811017 0.096820 0.033151 -0.101511 0.597898 0.122791 0.367188 -0.095549 -0.377142 0.288085 -0.002525 -0.075075 -0.267456 0.228259 0.001309 0.336359 0.191993 -0.304789 -0.137254
0.320028 0.232443 0.042857 1.000000 0.360673 -0.348998 -0.080737 -0.326635 -0.103408 -0.290793 0.075589 -0.473941 0.474390 -0.000815 -0.048813 0.492910 -0.254167 -0.284125 -0.065477 -0.001732 0.205356 -0.279596 0.048137 -0.145433 0.507891
-0.354360 -0.134818 0.058768 0.360673 1.000000 -0.038639 0.294936 0.042351 -0.281250 -0.251648 0.468955 0.259025 0.402483 -0.358326 -0.095408 0.269092 -0.183627 -0.098401 0.187865 -0.132462 0.569721 -0.652474 0.075741 0.226868 0.248814
0.215063 0.335103 -0.247679 -0.348998 -0.038639 1.000000 -0.278683 -0.325740 -0.026047 -0.540073 -0.159815 0.307954 -0.038409 -0.322061 0.169334 -0.367296 -0.652660 -0.018952 0.286968 -0.056544 -0.105599 -0.055432 -0.080634 0.500258 -0.268784
0.474861 -0.184759 0.811017 -0.080737 0.294936 -0.278683 1.000000 -0.219977 1.000000 0.083853 -0.428576 0.021349 0.083409 0.028236 -0.462924 0.408781 -0.210241 0.156541 -0.017572 0.279086 -0.217420 0.343169 -0.212892 -0.118222 0.044892
0.233277 -0.143557 0.096820 -0.326635 0.042351 -0.325740 -0.219977 1.000000 -0.074025 0.116011 -0.202862 -0.108325 -0.216871 -0.223411 -0.059412 -0.104583 -0.379754 0.164469 0.358608 0.085583 -0.048859 -0.114157 -0.349123 0.063712 0.274918
0.245944 -0.211149 0.033151 -0.103408 -0.281250 -0.026047 1.000000 -0.074025 1.000000 0.032667 0.585000 0.131015 -0.257469 0.178927 -0.079191 0.117352 -0.142503 0.275795 0.420184 0.225212 0.008216 0.567999 -0.307202 -0.242382 0.031179
0.207211 -0.460823 -0.101511 -0.290793 -0.251648 -0.540073 0.083853 0.116011 0.032667 1.000000 0.111066 0.351862 0.298976 0.045050 -0.064916 -0.301072 -0.103032 0.636611 0.068779 -0.137752 -0.177519 -0.173483 0.264457 -0.174460 0.178473
0.213418 -0.207668 0.597898 0.075589 0.468955 -0.159815 -0.428576 -0.202862 0.585000 0.111066 1.000000 -0.162111 0.384735 0.227041 -0.271059 0.217219 0.286811 -0.148058 0.168464 0.186364 -0.309518 0.258197 -0.164263 -0.068243 0.137138
-0.097883 0.106702 0.122791 -0.473941 0.259025 0.307954 0.021349 -0.108325 0.131015 0.351862 -0.162111 1.000000 -0.222246 0.153058 -0.045126 0.232091 0.179624 -0.125289 0.000459 -0.246915 0.169987 -0.094774 0.167971 -0.088571 -0.210914
-0.347507 0.304259 0.367188 0.474390 0.402483 -0.038409 0.083409 -0.216871 -0.257469 0.298976 0.384735 -0.222246 1.000000 -0.117303 0.562269 -0.106740 -0.361860 0.084577 -0.277051 -0.094120 -0.008310 -0.223899 0.460948 0.239016 0.123394
-0.279301 0.341255 -0.095549 -0.000815 -0.358326 -0.322061 0.028236 -0.223411 0.178927 0.045050 0.227041 0.153058 -0.117303 1.000000 -0.526216 -0.356763 -0.071771 0.199455 -0.549045 -0.476798 0.796608 0.284791 0.118986 0.110715 0.530153
0.026665 0.024120 -0.377142 -0.048813 -0.095408 0.169334 -0.462924 -0.059412 -0.079191 -0.064916 -0.271059 -0.045126 0.562269 -0.526216 1.000000 0.004950 -0.152607 -0.266413 0.444635 -0.038297 -0.009213 -0.029633 -0.198711 -0.214595 0.364242
0.272762 0.157753 0.288085 0.492910 0.269092 -0.367296 0.408781 -0.104583 0.117352 -0.301072 0.217219 0.232091 -0.106740 -0.356763 0.004950 1.000000 -0.093891 -0.121265 0.133322 0.207552 -0.398342 0.117481 0.063004 0.216023 0.477478
0.024076 0.132486 -0.002525 -0.254167 -0.183627 -0.652660 -0.210241 -0.379754 -0.142503 -0.103032 0.286811 0.179624 -0.361860 -0.071771 -0.152607 -0.093891 1.000000 -0.060949 -0.713516 -0.061683 -0.410769 0.223535 0.022860 0.080604 0.316788
0.220883 0.250737 -0.075075 -0.284125 -0.098401 -0.018952 0.156541 0.164469 0.275795 0.636611 -0.148058 -0.125289 0.084577 0.199455 -0.266413 -0.121265 -0.060949 1.000000 0.148644 -0.071230 0.141021 -0.507751 -0.132352 -0.191538 -0.080592
-0.340867 -0.238933 -0.267456 -0.065477 0.187865 0.286968 -0.017572 0.358608 0.420184 0.068779 0.168464 0.000459 -0.277051 -0.549045 0.444635 0.133322 -0.713516 0.148644 1.000000 0.069069 0.094151 -0.039130 -0.419175 -0.415565 0.272433
0.094256 0.130831 0.228259 -0.001732 -0.132462 -0.056544 0.279086 0.085583 0.225212 -0.137752 0.186364 -0.246915 -0.094120 -0.476798 -0.038297 0.207552 -0.061683 -0.071230 0.069069 1.000000 -0.036415 -0.111062 0.018266 -0.015622 -0.363904
-0.000931 -0.496192 0.001309 0.205356 0.569721 -0.105599 -0.217420 -0.048859 0.008216 -0.177519 -0.309518 0.169987 -0.008310 0.796608 -0.009213 -0.398342 -0.410769 0.141021 0.094151 -0.036415 1.000000 0.204940 -0.175485 0.102342 0.270242
-0.092961 0.089945 0.336359 -0.279596 -0.652474 -0.055432 0.343169 -0.114157 0.567999 -0.173483 0.258197 -0.094774 -0.223899 0.284791 -0.029633 0.117481 0.223535 -0.507751 -0.039130 -0.111062 0.204940 1.000000 0.364792 0.129962 -0.141531
0.022069 0.286242 0.191993 0.048137 0.075741 -0.080634 -0.212892 -0.349123 -0.307202 0.264457 -0.164263 0.167971 0.460948 0.118986 -0.198711 0.063004 0.022860 -0.132352 -0.419175 0.018266 -0.175485 0.364792 1.000000 0.225527 -0.202244
-0.291071 0.435578 -0.304789 -0.145433 0.226868 0.500258 -0.118222 0.063712 -0.242382 -0.174460 -0.068243 -0.088571 0.239016 0.110715 -0.214595 0.216023 0.080604 -0.191538 -0.415565 -0.015622 0.102342 0.129962 0.225527 1.000000 0.176823
0.223779 0.203132 -0.137254 0.507891 0.248814 -0.268784 0.044892 0.274918 0.031179 0.178473 0.137138 -0.210914 0.123394 0.530153 0.364242 0.477478 0.316788 -0.080592 0.272433 -0.363904 0.270242 -0.141531 -0.202244 0.176823 1.000000
