1.000000 0.252796 -0.636953 0.082368 -0.063714 -0.131573 -0.134123 0.548900 -0.365580 0.406977 0.191889 -0.328120 0.232319 0.251246 -0.089948 -0.114025 -0.210320 0.213373 -0.078101 0.198848 0.190200 -0.158248 0.452321 -0.312230 0.246966
0.252796 1.000000 -0.253048 0.434717 0.111740 -0.163563 0.331691 -0.440608 -0.377040 -0.080200 -0.143814 0.235316 0.077419 0.636401 -0.418805 0.025667 -0.243225 -0.212780 0.281061 0.188975 -0.134548 -0.583851 0.249763 -0.279279 -0.063846
-0.636953 -0.253048 1.000000 0.010614 0.337208 -0.270978 -0.216767 -0.407710 -0.089015 0.071411 -0.081282 -0.148200 0.451483 -0.094856 0.028382 -0.163628 0.315226 0.155172 0.017589 0.274856 -0.190092 -0.137942 -0.625140 0.162920 -0.226142
0.082368 0.434717 0.010614 1.000000 -0.292172 0.182344 0.049797 0.423143 -0.060137 0.041323 0.065123 0.043569 0.440701 -0.085126 0.468077 0.003526 -0.092620 -0.042129 -0.084401 0.186782 0.238595 -0.111808 -0.198552 0.339945 -0.334109
-0.063714 0.111740 0.337208 -0.292172 1.000000 -0.088425 -0.230571 -0.195158 -0.152546 0.211088 -0.114875 -0.048932 -0.232007 0.219153 0.330527 0.028441 0.058970 -0.028198 -0.022784 -0.120377 -0.250898 -0.138922 0.125960 -0.246614 0.309976
-0.131573 -0.163563 -0.270978 0.182344 -0.088425 1.000000 0.280760 -0.120803 -0.284960 -0.473326 -0.296525 0.090608 -0.106274 0.095092 0.484966 0.144121 -0.318533 0.634955 0.092833 -0.117987 -0.166701 0.183300 0.342014 0.330204 -0.013037
-0.134123 0.331691 -0.216767 0.049797 -0.230571 0.280760 1.000000 0.334806 -0.155132 1.000000 0.001370 -0.055376 0.077300 0.015508 0.138517 -0.083428 0.159166 0.129468 -0.182883 0.679617 0.167782 -0.370675 -0.350757 -0.183801 0.189585
0.548900 -0.440608 -0.407710 0.423143 -0.195158 -0.120803 0.334806 1.000000 0.214844 0.430410 0.531218 -0.595583 -0.078089 -0.048438 0.187190 -0.025278 0.258221 -0.247202 -0.365969 0.185889 -0.174192 0.691860 -0.014857 0.213270 -0.385924
-0.365580 -0.377040 -0.089015 -0.060137 -0.152546 -0.284960 -0.155132 0.214844 1.000000 0.416796 -0.087830 -0.376555 0.092650 -0.182810 0.169252 -0.115505 -0.431085 0.451311 0.049297 -0.269747 0.097820 0.010074 0.217221 -0.001626 0.076335
0.406977 -0.080200 0.071411 0.041323 0.211088 -0.473326 1.000000 0.430410 0.416796 1.000000 0.042996 -0.298169 -0.115289 0.622817 -0.059078 -0.255324 -0.036774 -0.513229 -0.246422 0.205555 -0.218003 0.077996 -0.474887 0.086446 0.016496
0.191889 -0.143814 -0.081282 0.065123 -0.114875 -0.296525 0.001370 0.531218 -0.087830 0.042996 1.000000 0.025413 0.573293 -0.171162 0.017351 0.157687 0.078571 0.203187 -0.333586 -0.212029 -0.048548 0.024659 0.015550 -0.043209 0.110564
-0.328120 0.235316 -0.148200 0.043569 -0.048932 0.090608 -0.055376 -0.595583 -0.376555 -0.298169 0.025413 1.000000 0.252532 -0.245970 -0.043360 0.084346 -0.136132 -0.315173 -0.188598 0.228258 0.190604 -0.324809 -0.220443 -0.162500 0.034804
0.232319 0.077419 0.451483 0.440701 -0.232007 -0.106274 0.077300 -0.078089 0.092650 -0.115289 0.573293 0.252532 1.000000 -0.609994 0.323891 0.007577 0.092184 -0.247913 -0.138090 -0.373060 -0.209248 0.332923 0.196648 -0.033710 0.013705
0.251246 0.636401 -0.094856 -0.085126 0.219153 0.095092 0.015508 -0.048438 -0.182810 0.622817 -0.171162 -0.245970 -0.609994 1.000000 -0.653627 0.009438 0.069862 0.073668 0.146522 0.298995 -0.072996 0.090584 -0.029030 0.088403 -0.311762
-0.089948 -0.418805 0.028382 0.468077 0.330527 0.484966 0.138517 0.187190 0.169252 -0.059078 0.017351 -0.043360 0.323891 -0.653627 1.000000 -0.167639 -0.158819 -0.039866 0.099118 0.009487 -0.065503 0.337140 -0.112031 -0.073439 0.384426
-0.114025 0.025667 -0.163628 0.003526 0.028441 0.144121 -0.083428 -0.025278 -0.115505 -0.255324 0.157687 0.084346 0.007577 0.009438 -0.167639 1.000000 -0.271112 -0.448448 0.103714 0.142102 -0.240809 0.004387 -0.285732 -0.047498 -0.087261
-0.210320 -0.243225 0.315226 -0.092620 0.058970 -0.318533 0.159166 0.258221 -0.431085 -0.036774 0.078571 -0.136132 0.092184 0.069862 -0.158819 -0.271112 1.000000 -0.377578 0.096517 -0.059547 0.072870 -0.135167 -0.146571 0.059590 -0.086253
0.213373 -0.212780 0.155172 -0.042129 -0.028198 0.634955 0.129468 -0.247202 0.451311 -0.513229 0.203187 -0.315173 -0.247913 0.073668 -0.039866 -0.448448 -0.377578 1.000000 0.121017 -0.030010 -0.138689 -0.348658 0.055593 -0.058043 -0.164005
-0.078101 0.281061 0.017589 -0.084401 -0.022784 0.092833 -0.182883 -0.365969 0.049297 -0.246422 -0.333586 -0.188598 -0.138090 0.146522 0.099118 0.103714 0.096517 0.121017 1.000000 -0.117718 0.220269 0.063417 0.000695 0.025981 -0.477406
0.198848 0.188975 0.274856 0.186782 -0.120377 -0.117987 0.679617 0.185889 -0.269747 0.205555 -0.212029 0.228258 -0.373060 0.298995 0.009487 0.142102 -0.059547 -0.030010 -0.117718 1.000000 0.144109 0.204339 0.018108 -0.069630 0.392081
0.190200 -0.134548 -0.190092 0.238595 -0.250898 -0.166701 0.167782 -0.174192 0.097820 -0.218003 -0.048548 0.190604 -0.209248 -0.072996 -0.065503 -0.240809 0.072870 -0.138689 0.220269 0.144109 1.000000 -0.186920 -0.112505 0.178294 0.440267
-0.158248 -0.583851 -0.137942 -0.111808 -0.138922 0.183300 -0.370675 0.691860 0.010074 0.077996 0.024659 -0.324809 0.332923 0.090584 0.337140 0.004387 -0.135167 -0.348658 0.063417 0.204339 -0.186920 1.000000 -0.231413 -0.100468 -0.030819
0.452321 0.249763 -0.625140 -0.198552 0.125960 0.342014 -0.350757 -0.014857 0.217221 -0.474887 0.015550 -0.220443 0.196648 -0.029030 -0.112031 -0.285732 -0.146571 0.055593 0.000695 0.018108 -0.112505 -0.231413 1.000000 -0.091128 -0.152705
-0.312230 -0.279279 0.162920 0.339945 -0.246614 0.330204 -0.183801 0.213270 -0.001626 0.086446 -0.043209 -0.162500 -0.033710 0.088403 -0.073439 -0.047498 0.059590 -0.058043 0.025981 -0.069630 0.178294 -0.100468 -0.091128 1.000000 -0.172978
0.246966 -0.063846 -0.226142 -0.334109 0.309976 -0.013037 0.189585 -0.385924 0.076335 0.016496 0.110564 0.034804 0.013705 -0.311762 0.384426 -0.087261 -0.086253 -0.164005 -0.477406 0.392081 0.440267 -0.030819 -0.152705 -0.172978 1.000000
