1.000000 -0.030846 0.622057 0.266786 -0.228750 -0.313635 -0.018094 -0.532299 -0.149300 0.096315 -0.181497 -0.334082 0.304504 -0.297707 0.225281 0.123117 -0.010361 -0.248922 0.362265 -0.225530 -0.109802 -0.368645 -0.104168 -0.182648 0.100018
-0.030846 1.000000 -0.329024 -0.238892 -0.210731 -0.024400 -0.371562 -0.119058 0.144617 -0.308589 0.001437 -0.313870 0.008246 -0.315300 -0.296226 0.193756 0.389649 -0.181694 0.075822 -0.006984 -0.416702 0.176209 -0.260644 -0.439243 0.050788
0.622057 -0.329024 1.000000 -0.911809 -0.069823 0.053263 -0.345874 -0.765119 0.474265 0.233600 0.123784 -0.350390 0.177676 0.242192 -0.499472 -0.225729 0.399704 -0.080836 0.097286 0.086437 0.218688 -0.506475 -0.289568 -0.321032 -0.030145
0.266786 -0.238892 -0.911809 1.000000 0.092324 0.124391 -0.174640 -0.547292 -0.431053 0.675538 -0.143130 0.516912 0.358138 -0.044745 0.348082 0.188647 -0.103390 0.087500 0.326579 0.064104 0.123680 0.026786 -0.133422 -0.076754 -0.081825
-0.228750 -0.210731 -0.069823 0.092324 1.000000 0.136082 -0.448936 0.238876 -0.111620 -0.322316 0.377876 0.284062 -0.376745 0.257754 -0.612385 -0.568105 0.061415 0.059139 -0.186696 0.509252 0.119411 0.690783 0.270612 -0.502711 0.416407
-0.313635 -0.024400 0.053263 0.124391 0.136082 1.000000 -0.016168 -0.230243 0.062040 0.096827 -0.394730 -0.461265 -0.023178 -0.012678 -0.330300 -0.073365 -0.077222 -0.093100 -0.267419 -0.558668 -0.024430 -0.171802 0.359381 -0.202648 0.330855
-0.018094 -0.371562 -0.345874 -0.174640 -0.448936 -0.016168 1.000000 -0.041790 -0.115043 -0.126515 -0.235596 -0.347365 0.218469 -0.014360 0.117778 0.101398 -0.217263 -0.105825 0.047683 0.631838 -0.125621 -0.124855 -0.745335 0.203274 -0.270100
-0.532299 -0.119058 -0.765119 -0.547292 0.238876 -0.230243 -0.041790 1.000000 0.194608 0.610418 -0.215792 -0.335153 -0.189379 0.446904 0.173670 -0.295792 0.217667 0.170030 -0.265624 -0.218258 0.133588 -0.051136 0.057772 -0.171323 0.282190
-0.149300 0.144617 0.474265 -0.431053 -0.111620 0.062040 -0.115043 0.194608 1.000000 0.430077 -0.361604 0.033067 -0.370720 -0.261706 0.073202 -0.315633 0.214545 0.017435 0.103210 0.088773 0.287998 0.080151 -0.901591 0.066505 -0.722577
0.096315 -0.308589 0.233600 0.675538 -0.322316 0.096827 -0.126515 0.610418 0.430077 1.000000 0.729613 0.178027 -0.247765 0.305024 0.375619 0.249196 -0.044134 0.401276 0.287710 0.386620 0.459105 -0.676787 -0.204239 -0.331879 -0.294650
-0.181497 0.001437 0.123784 -0.143130 0.377876 -0.394730 -0.235596 -0.215792 -0.361604 0.729613 1.000000 -0.022638 -0.138409 -0.261894 0.656159 -0.113606 0.027420 -0.383017 -0.229933 0.858286 0.103970 -0.175606 -0.675553 0.007738 -0.067640
-0.334082 -0.313870 -0.350390 0.516912 0.284062 -0.461265 -0.347365 -0.335153 0.033067 0.178027 -0.022638 1.000000 -0.048580 -0.412096 -0.078570 0.306313 0.003211 0.192735 0.083433 0.429697 0.309733 0.070475 0.620671 -0.364326 0.028888
0.304504 0.008246 0.177676 0.358138 -0.376745 -0.023178 0.218469 -0.189379 -0.370720 -0.247765 -0.138409 -0.048580 1.000000 0.267325 -0.549242 -0.135793 -0.289232 -0.622786 -0.175901 0.079764 0.064014 -0.141367 0.224752 0.304545 -0.226054
-0.297707 -0.315300 0.242192 -0.044745 0.257754 -0.012678 -0.014360 0.446904 -0.261706 0.305024 -0.261894 -0.412096 0.267325 1.000000 -0.034890 -0.642223 -0.098275 -0.138777 -0.126239 0.187215 -0.574738 0.254040 -0.412711 -0.193725 0.519017
0.225281 -0.296226 -0.499472 0.348082 -0.612385 -0.330300 0.117778 0.173670 0.073202 0.375619 0.656159 -0.078570 -0.549242 -0.034890 1.000000 -0.080774 0.027274 0.207679 0.129968 -0.118140 0.019326 -0.434199 -0.118700 -0.328296 -0.144914
0.123117 0.193756 -0.225729 0.188647 -0.568105 -0.073365 0.101398 -0.295792 -0.315633 0.249196 -0.113606 0.306313 -0.135793 -0.642223 -0.080774 1.000000 -0.071144 0.319154 0.015280 -0.379778 0.487487 0.393667 -0.131013 0.028587 -0.293975
-0.010361 0.389649 0.399704 -0.103390 0.061415 -0.077222 -0.217263 0.217667 0.214545 -0.044134 0.027420 0.003211 -0.289232 -0.098275 0.027274 -0.071144 1.000000 0.083313 -0.770436 0.151755 -0.092286 0.023283 -0.211772 0.328613 -0.045641
-0.248922 -0.181694 -0.080836 0.087500 0.059139 -0.093100 -0.105825 0.170030 0.017435 0.401276 -0.383017 0.192735 -0.622786 -0.138777 0.207679 0.319154 0.083313 1.000000 -0.152249 -0.079813 0.375518 0.260911 -0.058877 0.094915 0.076628
0.362265 0.075822 0.097286 0.326579 -0.186696 -0.267419 0.047683 -0.265624 0.103210 0.287710 -0.229933 0.083433 -0.175901 -0.126239 0.129968 0.015280 -0.770436 -0.152249 1.000000 -0.157177 0.003257 0.160779 0.052004 -0.083944 -0.150369
-0.225530 -0.006984 0.086437 0.064104 0.509252 -0.558668 0.631838 -0.218258 0.088773 0.386620 0.858286 0.429697 0.079764 0.187215 -0.118140 -0.379778 0.151755 -0.079813 -0.157177 1.000000 0.170537 0.071751 0.375027 0.063845 -0.157717
-0.109802 -0.416702 0.218688 0.123680 0.119411 -0.024430 -0.125621 0.133588 0.287998 0.459105 0.103970 0.309733 0.064014 -0.574738 0.019326 0.487487 -0.092286 0.375518 0.003257 0.170537 1.000000 -0.302345 0.197124 0.312657 -0.094908
-0.368645 0.176209 -0.506475 0.026786 0.690783 -0.171802 -0.124855 -0.051136 0.080151 -0.676787 -0.175606 0.070475 -0.141367 0.254040 -0.434199 0.393667 0.023283 0.260911 0.160779 0.071751 -0.302345 1.000000 -0.534270 0.072622 0.153367
-0.104168 -0.260644 -0.289568 -0.133422 0.270612 0.359381 -0.745335 0.057772 -0.901591 -0.204239 -0.675553 0.620671 0.224752 -0.412711 -0.118700 -0.131013 -0.211772 -0.058877 0.052004 0.375027 0.197124 -0.534270 1.000000 -0.063085 0.181647
-0.182648 -0.439243 -0.321032 -0.076754 -0.502711 -0.202648 0.203274 -0.171323 0.066505 -0.331879 0.007738 -0.364326 0.304545 -0.193725 -0.328296 0.028587 0.328613 0.094915 -0.083944 0.063845 0.312657 0.072622 -0.063085 1.000000 -0.283905
0.100018 0.050788 -0.030145 -0.081825 0.416407 0.330855 -0.270100 0.282190 -0.722577 -0.294650 -0.067640 0.028888 -0.226054 0.519017 -0.144914 -0.293975 -0.045641 0.076628 -0.150369 -0.157717 -0.094908 0.153367 0.181647 -0.283905 1.000000
