1.000000 0.267997 0.185121 0.392576 -0.073408 0.351665 0.017755 -0.489536 0.085273 0.036200 -0.050521 0.071548 -0.187861 -0.538879 0.495818 -0.171603 0.563521 -0.490191 -0.226356 0.132659 -0.332488 0.041549 0.040323 -0.109012 0.269192
0.267997 1.000000 -0.464681 -0.159399 -0.112179 0.244763 0.522845 -0.729312 -0.323343 0.018490 0.509968 -0.112055 -0.327482 -0.167723 0.199776 -0.368867 0.179421 0.610419 -0.140844 0.047314 0.166911 -0.441676 -0.395422 -0.315746 -0.601842
0.185121 -0.464681 1.000000 0.217483 -0.034583 -0.365452 0.164613 0.434003 -0.159056 -0.160151 0.188332 -0.207600 0.019359 -0.053411 0.306618 -0.045177 -0.055172 -0.021869 0.242270 -0.424674 -0.393028 -0.489130 0.011627 -0.057191 0.080132
0.392576 -0.159399 0.217483 1.000000 0.514184 -0.227956 -0.345171 -0.427008 0.450563 -0.136962 0.295336 0.653975 0.117933 0.116060 0.028119 0.533915 0.420036 0.150162 0.034145 0.213256 0.566764 -0.167837 -0.271721 -0.078391 -0.077304
-0.073408 -0.112179 -0.034583 0.514184 1.000000 0.264503 0.828152 -0.150542 0.102344 0.426486 -0.191521 0.064761 -0.039211 0.214649 -0.471364 -0.271009 -0.263076 -0.305444 -0.166246 -0.074840 0.514265 -0.326696 -0.397211 0.247440 -0.284498
0.351665 0.244763 -0.365452 -0.227956 0.264503 1.000000 -0.154113 0.431732 0.059573 0.324847 -0.468522 -0.048065 -0.097111 0.424057 0.371958 0.331427 -0.225544 -0.116043 -0.281494 -0.316806 -0.381763 -0.207595 0.282317 0.063985 0.561880
0.017755 0.522845 0.164613 -0.345171 0.828152 -0.154113 1.000000 -0.361841 -0.046092 0.036128 -0.159172 0.189077 0.083195 -0.341210 -0.416409 -0.066826 -0.091304 0.050629 -0.650262 0.261876 0.247462 -0.132382 -0.084436 -0.122041 -0.181948
-0.489536 -0.729312 0.434003 -0.427008 -0.150542 0.431732 -0.361841 1.000000 -0.336135 0.216516 -0.106148 0.150833 0.092814 0.564431 0.492055 -0.288722 0.151275 -0.081880 -0.070284 -0.081476 0.039829 0.176258 -0.452178 -0.107505 -0.255728
0.085273 -0.323343 -0.159056 0.450563 0.102344 0.059573 -0.046092 -0.336135 1.000000 -0.443544 -0.159090 -0.171559 0.256366 0.257106 0.132882 0.589926 -0.182897 0.679400 0.146715 0.235304 -0.636721 -0.158505 -0.349358 0.745363 -0.721287
0.036200 0.018490 -0.160151 -0.136962 0.426486 0.324847 0.036128 0.216516 -0.443544 1.000000 0.099080 0.407104 -0.534398 -0.452989 -0.154184 0.063769 0.146576 0.782364 -0.078949 -0.078213 -0.150656 -0.513363 0.481352 -0.120471 -0.568717
-0.050521 0.509968 0.188332 0.295336 -0.191521 -0.468522 -0.159172 -0.106148 -0.159090 0.099080 1.000000 0.139998 0.115966 0.020844 0.054934 0.323753 0.146321 -0.012299 0.597281 -0.023264 -0.182211 0.335227 -0.102215 0.593363 0.527816
0.071548 -0.112055 -0.207600 0.653975 0.064761 -0.048065 0.189077 0.150833 -0.171559 0.407104 0.139998 1.000000 -0.235128 -0.188494 -0.210169 -0.224577 0.292078 -0.321087 0.009579 -0.545906 -0.159608 -0.198171 0.372810 0.369690 -0.232671
-0.187861 -0.327482 0.019359 0.117933 -0.039211 -0.097111 0.083195 0.092814 0.256366 -0.534398 0.115966 -0.235128 1.000000 -0.061905 -0.180600 -0.396608 0.238189 -0.033466 -0.004107 -0.090219 0.364515 0.022802 -0.462493 0.156096 0.096201
-0.538879 -0.167723 -0.053411 0.116060 0.214649 0.424057 -0.341210 0.564431 0.257106 -0.452989 0.020844 -0.188494 -0.061905 1.000000 0.053269 -0.448221 0.361207 -0.311500 0.340346 0.064685 0.578422 -0.417306 0.085726 0.103941 -0.383554
0.495818 0.199776 0.306618 0.028119 -0.471364 0.371958 -0.416409 0.492055 0.132882 -0.154184 0.054934 -0.210169 -0.180600 0.053269 1.000000 -0.061693 -0.015258 -0.309769 -0.231957 -0.018402 0.104105 0.244527 0.662831 -0.804650 -0.185529
-0.171603 -0.368867 -0.045177 0.533915 -0.271009 0.331427 -0.066826 -0.288722 0.589926 0.063769 0.323753 -0.224577 -0.396608 -0.448221 -0.061693 1.000000 0.594964 -0.199408 0.227989 -0.270411 0.178266 0.229656 -0.482827 0.311897 -0.412630
0.563521 0.179421 -0.055172 0.420036 -0.263076 -0.225544 -0.091304 0.151275 -0.182897 0.146576 0.146321 0.292078 0.238189 0.361207 -0.015258 0.594964 1.000000 0.362338 -0.180715 -0.419298 0.019409 -0.764496 0.034331 -0.460670 0.035635
-0.490191 0.610419 -0.021869 0.150162 -0.305444 -0.116043 0.050629 -0.081880 0.679400 0.782364 -0.012299 -0.321087 -0.033466 -0.311500 -0.309769 -0.199408 0.362338 1.000000 -0.286862 0.242379 0.175662 -0.064861 0.221198 -0.294442 -0.628609
-0.226356 -0.140844 0.242270 0.034145 -0.166246 -0.281494 -0.650262 -0.070284 0.146715 -0.078949 0.597281 0.009579 -0.004107 0.340346 -0.231957 0.227989 -0.180715 -0.286862 1.000000 -0.245410 0.381596 -0.103725 -0.028777 0.262082 -0.137742
0.132659 0.047314 -0.424674 0.213256 -0.074840 -0.316806 0.261876 -0.081476 0.235304 -0.078213 -0.023264 -0.545906 -0.090219 0.064685 -0.018402 -0.270411 -0.419298 0.242379 -0.245410 1.000000 -0.313876 0.390509 -0.203156 -0.032725 0.078698
-0.332488 0.166911 -0.393028 0.566764 0.514265 -0.381763 0.247462 0.039829 -0.636721 -0.150656 -0.182211 -0.159608 0.364515 0.578422 0.104105 0.178266 0.019409 0.175662 0.381596 -0.313876 1.000000 0.007637 -0.095236 0.317569 -0.021762
0.041549 -0.441676 -0.489130 -0.167837 -0.326696 -0.207595 -0.132382 0.176258 -0.158505 -0.513363 0.335227 -0.198171 0.022802 -0.417306 0.244527 0.229656 -0.764496 -0.064861 -0.103725 0.390509 0.007637 1.000000 0.311951 0.134362 0.414722
0.040323 -0.395422 0.011627 -0.271721 -0.397211 0.282317 -0.084436 -0.452178 -0.349358 0.481352 -0.102215 0.372810 -0.462493 0.085726 0.662831 -0.482827 0.034331 0.221198 -0.028777 -0.203156 -0.095236 0.311951 1.000000 0.033155 0.210012
-0.109012 -0.315746 -0.057191 -0.078391 0.247440 0.063985 -0.122041 -0.107505 0.745363 -0.120471 0.593363 0.369690 0.156096 0.103941 -0.804650 0.311897 -0.460670 -0.294442 0.262082 -0.032725 0.317569 0.134362 0.033155 1.000000 -0.484458
0.269192 -0.601842 0.080132 -0.077304 -0.284498 0.561880 -0.181948 -0.255728 -0.721287 -0.568717 0.527816 -0.232671 0.096201 -0.383554 -0.185529 -0.412630 0.035635 -0.628609 -0.137742 0.078698 -0.021762 0.414722 0.210012 -0.484458 1.000000
