1.000000 -0.225250 0.137439 -0.085946 0.053617 -0.117026 0.062546 0.297707 0.462784 -0.049039 -0.065669 -0.038644 -0.280504 -0.254799 -0.102901 -0.126746 -0.281352 -0.135464 0.027643 0.077322 -0.287462 -0.220351 0.034784 -0.203571 -0.752486
-0.225250 1.000000 -0.261763 -0.027765 0.227861 0.182991 -0.359265 -0.200971 0.857373 -0.130371 0.127318 0.073252 -0.381098 -0.158763 -0.332327 -0.149887 -0.260628 0.197145 -0.258544 0.013861 0.479261 0.019254 -0.224836 -0.256717 0.336865
0.137439 -0.261763 1.000000 -0.418523 0.159024 -0.101888 -0.029884 -0.251803 -0.488217 0.043237 0.063282 0.049161 -0.308832 -0.273186 0.220154 0.116415 -0.050586 0.031241 -0.339916 0.114006 -0.034348 0.232109 -0.333316 -0.104185 0.453588
-0.085946 -0.027765 -0.418523 1.000000 0.047128 -0.013801 -0.149163 -0.209571 -0.173538 -0.054599 -0.014115 -0.510618 -0.148253 -0.015871 0.186686 0.043801 0.473545 0.040540 -0.156455 0.347285 -0.702380 -0.341843 -0.308659 -0.327553 0.151795
0.053617 0.227861 0.159024 0.047128 1.000000 -0.025977 -0.267217 -0.041571 0.227927 -0.180882 -0.002073 0.162741 -0.011230 0.378026 0.191475 0.116883 -0.488268 0.188178 -0.383282 0.000166 0.068178 -0.741667 -0.317589 0.195597 0.603246
-0.117026 0.182991 -0.101888 -0.013801 -0.025977 1.000000 0.455673 0.018513 0.053667 0.038557 -0.277411 0.113016 -0.261952 0.241497 -0.308205 -0.205950 0.426190 0.300846 -0.050255 0.057502 0.145506 -0.321919 0.366375 0.205083 0.148027
0.062546 -0.359265 -0.029884 -0.149163 -0.267217 0.455673 1.000000 0.067790 -0.718225 0.084623 0.006305 -0.144894 0.170831 0.052236 0.322515 0.460548 0.615061 -0.062522 -0.083735 0.081234 -0.202710 -0.096720 0.162495 -0.035134 -0.357380
0.297707 -0.200971 -0.251803 -0.209571 -0.041571 0.018513 0.067790 1.000000 1.000000 0.101324 -0.224167 -0.223951 0.018398 -0.228149 -0.188328 -0.097197 0.338488 0.570880 -0.184730 0.220226 -0.200225 0.112097 0.086664 0.317667 -0.290000
0.462784 0.857373 -0.488217 -0.173538 0.227927 0.053667 -0.718225 1.000000 1.000000 -0.488603 0.199743 -0.034097 0.017853 -0.400705 0.092122 -0.038047 0.156967 -0.006484 -0.059445 0.095303 0.062128 0.287116 -0.079183 -0.087872 -0.438522
-0.049039 -0.130371 0.043237 -0.054599 -0.180882 0.038557 0.084623 0.101324 -0.488603 1.000000 0.006433 -0.489830 0.363462 -0.013439 -0.341141 -0.170381 -0.249268 0.001825 -0.052417 0.921155 -0.072380 -0.268242 0.181109 -0.223540 -0.039706
-0.065669 0.127318 0.063282 -0.014115 -0.002073 -0.277411 0.006305 -0.224167 0.199743 0.006433 1.000000 0.223304 -0.434946 -0.223995 0.150647 -0.326236 -0.475290 -0.153488 0.562648 -0.212326 -0.408019 -0.192646 -0.672993 0.833915 0.312334
-0.038644 0.073252 0.049161 -0.510618 0.162741 0.113016 -0.144894 -0.223951 -0.034097 -0.489830 0.223304 1.000000 0.160762 -0.191494 0.164610 -0.205146 0.373145 0.154130 0.181672 0.239365 -0.073692 -0.045502 0.329603 0.183648 -0.365380
-0.280504 -0.381098 -0.308832 -0.148253 -0.011230 -0.261952 0.170831 0.018398 0.017853 0.363462 -0.434946 0.160762 1.000000 0.167140 -0.232607 0.216175 -0.548070 0.002921 -0.012596 0.561095 0.335981 0.260012 0.028943 -0.657038 -0.044714
-0.254799 -0.158763 -0.273186 -0.015871 0.378026 0.241497 0.052236 -0.228149 -0.400705 -0.013439 -0.223995 -0.191494 0.167140 1.000000 0.044256 -0.109630 0.056091 -0.510038 0.046328 0.014553 -0.142918 0.268395 0.029483 -0.340491 -0.110542
-0.102901 -0.332327 0.220154 0.186686 0.191475 -0.308205 0.322515 -0.188328 0.092122 -0.341141 0.150647 0.164610 -0.232607 0.044256 1.000000 0.092412 -0.098822 -0.495317 0.008457 -0.015916 0.272680 -0.145196 -0.225230 0.301249 -0.258846
-0.126746 -0.149887 0.116415 0.043801 0.116883 -0.205950 0.460548 -0.097197 -0.038047 -0.170381 -0.326236 -0.205146 0.216175 -0.109630 0.092412 1.000000 0.384698 -0.140790 0.001586 -0.290460 -0.391929 0.044088 0.066048 -0.832654 0.343995
-0.281352 -0.260628 -0.050586 0.473545 -0.488268 0.426190 0.615061 0.338488 0.156967 -0.249268 -0.475290 0.373145 -0.548070 0.056091 -0.098822 0.384698 1.000000 -0.294609 0.195490 0.059838 0.141304 0.219690 -0.077770 0.054417 0.014075
-0.135464 0.197145 0.031241 0.040540 0.188178 0.300846 -0.062522 0.570880 -0.006484 0.001825 -0.153488 0.154130 0.002921 -0.510038 -0.495317 -0.140790 -0.294609 1.000000 0.241247 0.417593 0.128623 -0.294251 0.388936 0.116617 0.603818
0.027643 -0.258544 -0.339916 -0.156455 -0.383282 -0.050255 -0.083735 -0.184730 -0.059445 -0.052417 0.562648 0.181672 -0.012596 0.046328 0.008457 0.001586 0.195490 0.241247 1.000000 0.087762 0.248216 -0.028250 0.035940 -0.622281 0.207153
0.077322 0.013861 0.114006 0.347285 0.000166 0.057502 0.081234 0.220226 0.095303 0.921155 -0.212326 0.239365 0.561095 0.014553 -0.015916 -0.290460 0.059838 0.417593 0.087762 1.000000 -0.305253 0.099981 -0.847889 -0.263812 0.100270
-0.287462 0.479261 -0.034348 -0.702380 0.068178 0.145506 -0.202710 -0.200225 0.062128 -0.072380 -0.408019 -0.073692 0.335981 -0.142918 0.272680 -0.391929 0.141304 0.128623 0.248216 -0.305253 1.000000 0.358733 -0.252402 0.227373 0.845936
-0.220351 0.019254 0.232109 -0.341843 -0.741667 -0.321919 -0.096720 0.112097 0.287116 -0.268242 -0.192646 -0.045502 0.260012 0.268395 -0.145196 0.044088 0.219690 -0.294251 -0.028250 0.099981 0.358733 1.000000 0.167216 -0.088443 0.421435
0.034784 -0.224836 -0.333316 -0.308659 -0.317589 0.366375 0.162495 0.086664 -0.079183 0.181109 -0.672993 0.329603 0.028943 0.029483 -0.225230 0.066048 -0.077770 0.388936 0.035940 -0.847889 -0.252402 0.167216 1.000000 0.451472 -0.056745
-0.203571 -0.256717 -0.104185 -0.327553 0.195597 0.205083 -0.035134 0.317667 -0.087872 -0.223540 0.833915 0.183648 -0.657038 -0.340491 0.301249 -0.832654 0.054417 0.116617 -0.622281 -0.263812 0.227373 -0.088443 0.451472 1.000000 -0.477277
-0.752486 0.336865 0.453588 0.151795 0.603246 0.148027 -0.357380 -0.290000 -0.438522 -0.039706 0.312334 -0.365380 -0.044714 -0.110542 -0.258846 0.343995 0.014075 0.603818 0.207153 0.100270 0.845936 0.421435 -0.056745 -0.477277 1.000000
