1.000000 0.141099 0.207587 -0.176291 -0.084452 0.463525 -0.114468 0.326626 -0.383479 0.191978 -0.182356 0.204913 -0.154918 0.466118 0.495131 -0.042713 0.047130 -0.155606 0.226797 -0.170156 -0.349469 0.427337 0.441394 0.002490 0.375420
0.141099 1.000000 0.211347 -0.648143 0.157804 0.222135 -0.022355 -0.251705 0.201416 -0.158207 0.629065 0.190114 0.277218 0.091771 0.217114 0.324758 0.065474 0.135414 0.053448 0.063574 0.308760 -0.134619 0.166408 0.179951 0.052216
0.207587 0.211347 1.000000 -0.230974 0.220767 0.233134 -0.473323 -0.420480 -0.173649 -0.094832 0.348156 -0.002722 0.046814 0.053259 0.054239 -0.459134 0.114825 0.213993 0.091591 -0.058262 0.184507 0.007386 -0.141973 0.206271 -0.010594
-0.176291 -0.648143 -0.230974 1.000000 -0.260594 0.327954 -0.034264 0.545111 0.232438 -0.211194 -0.294616 -0.253138 -0.170238 -0.057868 -0.194500 -0.013939 -0.240465 0.212962 -0.222654 -0.223514 -0.393277 0.087733 -0.050669 0.440377 -0.095619
-0.084452 0.157804 0.220767 -0.260594 1.000000 0.401802 0.278563 0.189611 0.015345 -0.070326 -0.319449 -0.202045 0.074916 0.063033 -0.031213 -0.226513 -0.478302 0.242123 -0.165152 -0.305136 -0.191324 0.127494 -0.311843 0.069299 0.562972
0.463525 0.222135 0.233134 0.327954 0.401802 1.000000 -0.441014 -0.286422 0.179779 -0.167786 -0.071740 0.118892 -0.234822 0.121752 -0.266520 -0.171301 -0.220707 0.020856 -0.143932 0.178148 0.088307 -0.108774 0.373248 -0.157417 0.322256
-0.114468 -0.022355 -0.473323 -0.034264 0.278563 -0.441014 1.000000 0.275018 0.278152 -0.038220 -0.072577 0.263517 -0.462674 0.014947 0.108431 0.105099 0.209166 0.107802 0.305545 -0.426809 0.029684 0.215974 0.326688 -0.740353 -0.160050
0.326626 -0.251705 -0.420480 0.545111 0.189611 -0.286422 0.275018 1.000000 0.409307 -0.304997 -0.210871 -0.238327 0.119638 0.107291 -0.090984 0.730709 -0.149949 0.286347 0.253699 0.133677 0.262551 0.310332 0.271865 0.123827 0.180261
-0.383479 0.201416 -0.173649 0.232438 0.015345 0.179779 0.278152 0.409307 1.000000 -0.118238 0.154493 -0.103664 0.542393 -0.127786 0.206736 0.514674 -0.256274 -0.078737 0.062612 0.462161 -0.008182 0.090672 0.429804 -0.220449 0.565585
0.191978 -0.158207 -0.094832 -0.211194 -0.070326 -0.167786 -0.038220 -0.304997 -0.118238 1.000000 -0.018246 0.680222 -0.346353 0.398675 0.285732 -0.390727 -0.095457 0.425589 0.017881 0.094059 0.039165 0.028863 -0.406396 0.035230 -0.362131
-0.182356 0.629065 0.348156 -0.294616 -0.319449 -0.071740 -0.072577 -0.210871 0.154493 -0.018246 1.000000 0.290861 -0.252027 -0.243663 0.098383 -0.087148 -0.190039 -0.259826 0.070113 0.011124 -0.035444 -0.251989 0.312951 0.442891 -0.526276
0.204913 0.190114 -0.002722 -0.253138 -0.202045 0.118892 0.263517 -0.238327 -0.103664 0.680222 0.290861 1.000000 0.039314 0.320444 0.570763 0.283130 0.199692 0.002971 -0.022208 0.128629 0.167728 0.001498 -0.153019 0.082835 -0.103442
-0.154918 0.277218 0.046814 -0.170238 0.074916 -0.234822 -0.462674 0.119638 0.542393 -0.346353 -0.252027 0.039314 1.000000 -0.129755 -0.334445 0.131611 0.118003 0.289596 -0.371736 0.332425 -0.032057 0.400465 0.342940 0.361519 -0.113248
0.466118 0.091771 0.053259 -0.057868 0.063033 0.121752 0.014947 0.107291 -0.127786 0.398675 -0.243663 0.320444 -0.129755 1.000000 -0.184616 -0.120790 -0.113856 0.248804 -0.201258 0.210505 0.149554 -0.002958 -0.189781 -0.087352 0.229493
0.495131 0.217114 0.054239 -0.194500 -0.031213 -0.266520 0.108431 -0.090984 0.206736 0.285732 0.098383 0.570763 -0.334445 -0.184616 1.000000 -0.345354 -0.113852 -0.152989 -0.127176 0.088613 -0.209442 0.389838 0.239216 -0.125145 0.275004
-0.042713 0.324758 -0.459134 -0.013939 -0.226513 -0.171301 0.105099 0.730709 0.514674 -0.390727 -0.087148 0.283130 0.131611 -0.120790 -0.345354 1.000000 -0.098477 0.044940 -0.634760 0.020248 0.142129 0.216971 -0.014266 0.367761 0.208950
0.047130 0.065474 0.114825 -0.240465 -0.478302 -0.220707 0.209166 -0.149949 -0.256274 -0.095457 -0.190039 0.199692 0.118003 -0.113856 -0.113852 -0.098477 1.000000 0.036748 -0.036522 0.374698 -0.214572 0.395453 0.229906 0.268835 0.141955
-0.155606 0.135414 0.213993 0.212962 0.242123 0.020856 0.107802 0.286347 -0.078737 0.425589 -0.259826 0.002971 0.289596 0.248804 -0.152989 0.044940 0.036748 1.000000 -0.400847 0.368452 -0.056900 0.203522 0.460378 -0.125352 -0.301925
0.226797 0.053448 0.091591 -0.222654 -0.165152 -0.143932 0.305545 0.253699 0.062612 0.017881 0.070113 -0.022208 -0.371736 -0.201258 -0.127176 -0.634760 -0.036522 -0.400847 1.000000 0.191219 -0.033199 -0.293172 0.111925 0.142174 0.408659
-0.170156 0.063574 -0.058262 -0.223514 -0.305136 0.178148 -0.426809 0.133677 0.462161 0.094059 0.011124 0.128629 0.332425 0.210505 0.088613 0.020248 0.374698 0.368452 0.191219 1.000000 0.323164 -0.102353 0.071966 0.259503 -0.484297
-0.349469 0.308760 0.184507 -0.393277 -0.191324 0.088307 0.029684 0.262551 -0.008182 0.039165 -0.035444 0.167728 -0.032057 0.149554 -0.209442 0.142129 -0.214572 -0.056900 -0.033199 0.323164 1.000000 0.038603 -0.235467 0.090211 -0.371419
0.427337 -0.134619 0.007386 0.087733 0.127494 -0.108774 0.215974 0.310332 0.090672 0.028863 -0.251989 0.001498 0.400465 -0.002958 0.389838 0.216971 0.395453 0.203522 -0.293172 -0.102353 0.038603 1.000000 0.124514 0.478244 -0.311122
0.441394 0.166408 -0.141973 -0.050669 -0.311843 0.373248 0.326688 0.271865 0.429804 -0.406396 0.312951 -0.153019 0.342940 -0.189781 0.239216 -0.014266 0.229906 0.460378 0.111925 0.071966 -0.235467 0.124514 1.000000 -0.387688 -0.215459
0.002490 0.179951 0.206271 0.440377 0.069299 -0.157417 -0.740353 0.123827 -0.220449 0.035230 0.442891 0.082835 0.361519 -0.087352 -0.125145 0.367761 0.268835 -0.125352 0.142174 0.259503 0.090211 0.478244 -0.387688 1.000000 0.180516
0.375420 0.052216 -0.010594 -0.095619 0.562972 0.322256 -0.160050 0.180261 0.565585 -0.362131 -0.526276 -0.103442 -0.113248 0.229493 0.275004 0.208950 0.141955 -0.301925 0.408659 -0.484297 -0.371419 -0.311122 -0.215459 0.180516 1.000000
