1.000000 -0.347937 -0.105605 -0.155231 -0.058484 -0.424543 -0.526563 -0.368392 0.060580 0.578406 0.428940 0.178650 -0.229126 -0.459132 0.770695 -0.443889 -0.488567 -0.847040 0.316391 0.418742 0.165824 -0.504846 -0.144890 -0.201901 0.199614
-0.347937 1.000000 -0.097464 0.148310 -0.013898 -0.014068 -0.086448 0.033038 -0.132329 -0.173522 0.398062 -0.201775 0.082820 -0.220739 0.050798 -0.483391 -0.539467 0.294976 0.333238 -0.729671 -0.111296 0.377733 0.221870 0.608333 0.055483
-0.105605 -0.097464 1.000000 0.144130 -0.086031 0.319885 0.409662 0.141333 -0.118432 -0.569973 -0.370541 -0.010143 0.689234 0.147045 0.120013 -0.096998 -0.138763 0.669887 0.114403 -0.191215 -0.444885 -0.125222 0.152781 -0.109668 -0.095090
-0.155231 0.148310 0.144130 1.000000 -0.167973 0.022433 -0.038398 -0.011095 -0.420753 -0.146849 0.708679 -0.217201 0.256286 -0.500405 -0.038504 0.568973 0.135533 -0.306627 -0.919749 -0.231058 -0.226646 -0.329219 0.198365 0.457763 -0.240289
-0.058484 -0.013898 -0.086031 -0.167973 1.000000 0.501477 -0.120752 0.217592 0.137105 0.274694 -0.062537 0.576014 0.299289 -0.068041 -0.481259 -0.275279 0.531727 -0.389891 -0.352966 0.334022 -0.012780 0.236549 -0.422371 -0.030856 -0.199637
-0.424543 -0.014068 0.319885 0.022433 0.501477 1.000000 0.026681 -0.125486 -0.249412 -0.297644 -0.117167 -0.226164 -0.067466 -0.546191 -0.283063 0.310996 0.226441 -0.437934 -0.027051 -0.160827 -0.584068 0.116760 0.040940 0.238489 -0.132603
-0.526563 -0.086448 0.409662 -0.038398 -0.120752 0.026681 1.000000 -0.298508 0.164413 0.148286 0.026395 0.303339 -0.123606 0.171740 -0.483788 -0.085901 0.446660 -1.000000 -0.293859 -0.437104 0.225227 -0.131675 0.325798 0.198209 0.299422
-0.368392 0.033038 0.141333 -0.011095 0.217592 -0.125486 -0.298508 1.000000 -0.390840 -0.452936 0.095783 0.727076 0.304114 0.423123 -0.275199 0.342856 -0.051917 0.150335 0.385161 0.273099 0.205797 -0.160111 -0.183579 0.363201 0.180750
0.060580 -0.132329 -0.118432 -0.420753 0.137105 -0.249412 0.164413 -0.390840 1.000000 0.568497 -0.143907 -0.062182 -0.388162 0.304555 -0.042148 0.143081 0.248216 0.021099 -0.093405 0.204861 0.018046 0.237933 -0.032615 -0.854248 0.567175
0.578406 -0.173522 -0.569973 -0.146849 0.274694 -0.297644 0.148286 -0.452936 0.568497 1.000000 0.695143 -0.114190 0.412760 0.012565 -0.329311 -0.188170 -0.256114 -0.299585 0.047273 0.548846 -0.222474 -0.239459 -0.266393 0.130038 -0.098645
0.428940 0.398062 -0.370541 0.708679 -0.062537 -0.117167 0.026395 0.095783 -0.143907 0.695143 1.000000 0.725170 -0.066833 -0.338741 0.231362 0.374438 0.115522 -0.156947 0.568196 -0.986142 -0.234218 0.282959 0.961648 0.098353 -0.310642
0.178650 -0.201775 -0.010143 -0.217201 0.576014 -0.226164 0.303339 0.727076 -0.062182 -0.114190 0.725170 1.000000 -0.083721 0.275190 -0.439793 0.438334 -0.168230 0.424629 -0.310559 -0.308973 0.296924 0.325262 -0.842734 0.489966 -0.287673
-0.229126 0.082820 0.689234 0.256286 0.299289 -0.067466 -0.123606 0.304114 -0.388162 0.412760 -0.066833 -0.083721 1.000000 0.687508 0.125379 -0.168286 0.193043 0.073790 -0.128183 -0.006231 0.119009 0.335870 -0.447056 0.504381 0.228834
-0.459132 -0.220739 0.147045 -0.500405 -0.068041 -0.546191 0.171740 0.423123 0.304555 0.012565 -0.338741 0.275190 0.687508 1.000000 0.214345 0.198234 -0.325921 -0.023486 -0.023228 -0.074567 -0.137667 -0.577920 0.002391 -0.351252 0.305479
0.770695 0.050798 0.120013 -0.038504 -0.481259 -0.283063 -0.483788 -0.275199 -0.042148 -0.329311 0.231362 -0.439793 0.125379 0.214345 1.000000 0.203364 0.194460 0.101398 0.316041 0.051452 0.192288 -0.009016 -0.637644 -0.411373 0.361910
-0.443889 -0.483391 -0.096998 0.568973 -0.275279 0.310996 -0.085901 0.342856 0.143081 -0.188170 0.374438 0.438334 -0.168286 0.198234 0.203364 1.000000 -0.408053 -0.217274 -0.097364 0.312112 -0.332470 -0.167890 0.203263 -0.206087 0.097728
-0.488567 -0.539467 -0.138763 0.135533 0.531727 0.226441 0.446660 -0.051917 0.248216 -0.256114 0.115522 -0.168230 0.193043 -0.325921 0.194460 -0.408053 1.000000 0.166342 0.021064 -0.086130 -0.222739 -0.294273 0.276399 0.368757 0.066036
-0.847040 0.294976 0.669887 -0.306627 -0.389891 -0.437934 -1.000000 0.150335 0.021099 -0.299585 -0.156947 0.424629 0.073790 -0.023486 0.101398 -0.217274 0.166342 1.000000 -0.832308 -0.388272 -0.175267 0.494596 0.143139 0.240939 0.043126
0.316391 0.333238 0.114403 -0.919749 -0.352966 -0.027051 -0.293859 0.385161 -0.093405 0.047273 0.568196 -0.310559 -0.128183 -0.023228 0.316041 -0.097364 0.021064 -0.832308 1.000000 0.135601 0.088124 0.167639 -0.302443 0.289039 -0.148095
0.418742 -0.729671 -0.191215 -0.231058 0.334022 -0.160827 -0.437104 0.273099 0.204861 0.548846 -0.986142 -0.308973 -0.006231 -0.074567 0.051452 0.312112 -0.086130 -0.388272 0.135601 1.000000 0.394413 0.479084 -0.609413 0.103907 -0.093704
0.165824 -0.111296 -0.444885 -0.226646 -0.012780 -0.584068 0.225227 0.205797 0.018046 -0.222474 -0.234218 0.296924 0.119009 -0.137667 0.192288 -0.332470 -0.222739 -0.175267 0.088124 0.394413 1.000000 0.290244 -0.019962 0.350773 0.233110
-0.504846 0.377733 -0.125222 -0.329219 0.236549 0.116760 -0.131675 -0.160111 0.237933 -0.239459 0.282959 0.325262 0.335870 -0.577920 -0.009016 -0.167890 -0.294273 0.494596 0.167639 0.479084 0.290244 1.000000 -0.443473 -0.401186 0.029601
-0.144890 0.221870 0.152781 0.198365 -0.422371 0.040940 0.325798 -0.183579 -0.032615 -0.266393 0.961648 -0.842734 -0.447056 0.002391 -0.637644 0.203263 0.276399 0.143139 -0.302443 -0.609413 -0.019962 -0.443473 1.000000 -0.961968 0.151189
-0.201901 0.608333 -0.109668 0.457763 -0.030856 0.238489 0.198209 0.363201 -0.854248 0.130038 0.098353 0.489966 0.504381 -0.351252 -0.411373 -0.206087 0.368757 0.240939 0.289039 0.103907 0.350773 -0.401186 -0.961968 1.000000 -0.309645
0.199614 0.055483 -0.095090 -0.240289 -0.199637 -0.132603 0.299422 0.180750 0.567175 -0.098645 -0.310642 -0.287673 0.228834 0.305479 0.361910 0.097728 0.066036 0.043126 -0.148095 -0.093704 0.233110 0.029601 0.151189 -0.309645 1.000000
