1.000000 -0.621163 0.396820 0.647278 0.302565 0.493257 -0.200305 0.542366 -0.257304 0.095139 -0.359373 -0.339072 -0.494220 -0.182196 0.274023 -0.432447 0.029594 0.037355 -0.024639 -0.459541 0.193429 0.495053 -0.509677 -0.213497 0.624377
-0.621163 1.000000 0.336275 0.317095 0.460567 -0.132444 -0.170956 0.611420 0.071968 0.248371 -0.328029 0.153797 -0.506910 0.359474 -0.001482 0.576662 -0.676232 -0.681595 0.513252 0.088743 0.101651 0.236901 -0.148849 0.503937 0.154670
0.396820 0.336275 1.000000 -0.618691 -0.220772 -0.190613 -0.290574 0.474228 0.574043 -0.308425 0.063101 0.160458 0.339190 0.079513 -0.122418 -0.272866 -0.127644 -0.027609 0.251551 0.204997 -0.425792 -0.019935 0.467690 -0.637385 0.111379
0.647278 0.317095 -0.618691 1.000000 0.331037 0.216733 0.965794 -0.356363 0.510415 -0.203813 0.248150 0.712984 0.283114 -0.291683 -0.609795 -0.322656 0.303314 -0.559954 0.141768 -0.126304 -0.006805 -0.286668 0.461637 -0.002609 0.742358
0.302565 0.460567 -0.220772 0.331037 1.000000 0.346662 0.180213 -0.042406 -0.545771 0.061707 -0.382232 0.256519 -0.246014 -0.489846 -0.349898 0.305984 -0.031724 -0.624595 -0.144974 -0.141099 -0.445019 -0.345868 0.420809 0.375157 0.180640
0.493257 -0.132444 -0.190613 0.216733 0.346662 1.000000 -0.502070 -0.297758 -0.337928 -0.028528 -0.790616 -0.320697 0.548745 0.486045 0.460109 0.031305 -0.414204 0.965000 -0.063257 -0.014563 -0.143630 -0.018491 0.012645 0.211201 -0.027749
-0.200305 -0.170956 -0.290574 0.965794 0.180213 -0.502070 1.000000 0.342429 0.376417 -0.148269 0.256036 0.033469 -0.431966 0.336104 -0.325925 -0.123960 0.278241 -0.105150 0.100664 -0.626632 -0.159318 -0.144017 0.234622 0.239085 -0.052688
0.542366 0.611420 0.474228 -0.356363 -0.042406 -0.297758 0.342429 1.000000 -0.240775 -0.067692 -0.013574 -0.329399 0.447716 0.037409 -0.609576 -0.118764 0.406202 -0.121169 0.064414 -0.117355 0.171276 -0.415940 -0.127756 -0.159530 -0.021681
-0.257304 0.071968 0.574043 0.510415 -0.545771 -0.337928 0.376417 -0.240775 1.000000 0.502153 0.006598 0.274882 0.038256 -0.890695 0.065704 0.076171 0.312302 0.057505 -0.153590 -0.016638 -0.468667 -0.000937 0.516400 0.590972 0.206437
0.095139 0.248371 -0.308425 -0.203813 0.061707 -0.028528 -0.148269 -0.067692 0.502153 1.000000 0.208830 0.079164 0.607371 -0.341333 -0.430152 -0.098513 0.081891 0.132656 0.133562 0.606069 0.397390 0.624681 0.064040 -0.909254 -0.284667
-0.359373 -0.328029 0.063101 0.248150 -0.382232 -0.790616 0.256036 -0.013574 0.006598 0.208830 1.000000 -0.504810 0.085793 -0.953083 -0.182467 -0.130332 -0.168490 -0.202018 -0.507755 -0.050571 0.174243 0.310287 0.118900 -0.208734 -0.426473
-0.339072 0.153797 0.160458 0.712984 0.256519 -0.320697 0.033469 -0.329399 0.274882 0.079164 -0.504810 1.000000 0.008882 -0.279228 0.021300 -0.142416 0.405701 -0.228424 -0.185341 -0.169511 -0.124572 -0.479383 0.701182 -0.212144 -0.495153
-0.494220 -0.506910 0.339190 0.283114 -0.246014 0.548745 -0.431966 0.447716 0.038256 0.607371 0.085793 0.008882 1.000000 -0.058865 0.091851 -0.400690 0.519005 0.034336 -0.282880 -0.695070 -0.592192 0.507782 0.076668 0.530124 0.567436
-0.182196 0.359474 0.079513 -0.291683 -0.489846 0.486045 0.336104 0.037409 -0.890695 -0.341333 -0.953083 -0.279228 -0.058865 1.000000 -0.110799 -0.239431 0.626711 0.300273 -0.285381 -0.064540 0.441950 -0.229404 0.179894 0.157061 0.260083
0.274023 -0.001482 -0.122418 -0.609795 -0.349898 0.460109 -0.325925 -0.609576 0.065704 -0.430152 -0.182467 0.021300 0.091851 -0.110799 1.000000 -0.395480 -0.160899 -0.216910 -0.278585 0.150851 0.167166 -0.686372 0.614280 0.558724 -0.137821
-0.432447 0.576662 -0.272866 -0.322656 0.305984 0.031305 -0.123960 -0.118764 0.076171 -0.098513 -0.130332 -0.142416 -0.400690 -0.239431 -0.395480 1.000000 0.557601 0.399532 0.387199 -0.018359 -0.066321 0.050488 -0.190819 0.498552 -0.461657
0.029594 -0.676232 -0.127644 0.303314 -0.031724 -0.414204 0.278241 0.406202 0.312302 0.081891 -0.168490 0.405701 0.519005 0.626711 -0.160899 0.557601 1.000000 -0.383106 0.254891 0.444982 0.129176 0.206461 0.312964 0.272451 -0.119326
0.037355 -0.681595 -0.027609 -0.559954 -0.624595 0.965000 -0.105150 -0.121169 0.057505 0.132656 -0.202018 -0.228424 0.034336 0.300273 -0.216910 0.399532 -0.383106 1.000000 0.023824 0.748969 -0.267019 0.448207 -0.669389 0.225808 0.107002
-0.024639 0.513252 0.251551 0.141768 -0.144974 -0.063257 0.100664 0.064414 -0.153590 0.133562 -0.507755 -0.185341 -0.282880 -0.285381 -0.278585 0.387199 0.254891 0.023824 1.000000 0.030087 -0.274325 0.074913 0.040798 0.170476 -0.230504
-0.459541 0.088743 0.204997 -0.126304 -0.141099 -0.014563 -0.626632 -0.117355 -0.016638 0.606069 -0.050571 -0.169511 -0.695070 -0.064540 0.150851 -0.018359 0.444982 0.748969 0.030087 1.000000 -0.556725 -0.350917 0.001450 -0.175132 0.244354
0.193429 0.101651 -0.425792 -0.006805 -0.445019 -0.143630 -0.159318 0.171276 -0.468667 0.397390 0.174243 -0.124572 -0.592192 0.441950 0.167166 -0.066321 0.129176 -0.267019 -0.274325 -0.556725 1.000000 0.171455 -0.594025 -0.950507 -0.236939
0.495053 0.236901 -0.019935 -0.286668 -0.345868 -0.018491 -0.144017 -0.415940 -0.000937 0.624681 0.310287 -0.479383 0.507782 -0.229404 -0.686372 0.050488 0.206461 0.448207 0.074913 -0.350917 0.171455 1.000000 -0.111930 -0.641470 -0.083702
-0.509677 -0.148849 0.467690 0.461637 0.420809 0.012645 0.234622 -0.127756 0.516400 0.064040 0.118900 0.701182 0.076668 0.179894 0.614280 -0.190819 0.312964 -0.669389 0.040798 0.001450 -0.594025 -0.111930 1.000000 -0.070458 0.436297
-0.213497 0.503937 -0.637385 -0.002609 0.375157 0.211201 0.239085 -0.159530 0.590972 -0.909254 -0.208734 -0.212144 0.530124 0.157061 0.558724 0.498552 0.272451 0.225808 0.170476 -0.175132 -0.950507 -0.641470 -0.070458 1.000000 0.480955
0.624377 0.154670 0.111379 0.742358 0.180640 -0.027749 -0.052688 -0.021681 0.206437 -0.284667 -0.426473 -0.495153 0.567436 0.260083 -0.137821 -0.461657 -0.119326 0.107002 -0.230504 0.244354 -0.236939 -0.083702 0.436297 0.480955 1.000000
